0.503402 -0.250204 0.318268 0.294924 -0.104034 0.0437872
0.503502 -0.25031 0.293825 0.320163 -0.103299 0.0435414
0.503628 -0.227204 0.289549 0.324124 -0.0796121 0.0431421
0.503558 -0.221701 0.312562 0.30037 -0.0749844 0.0433426
0.50366 -0.197094 0.317034 0.295781 -0.050308 0.0430912
0.503568 -0.191479 0.293356 0.320239 -0.0436476 0.0425046
0.503647 -0.166817 0.289273 0.323939 -0.0184645 0.0421211
0.503576 -0.161489 0.312875 0.299533 -0.0140621 0.0422911
0.503631 -0.136535 0.317214 0.294128 0.0110798 0.041984
0.503577 -0.131369 0.293195 0.318576 0.0172803 0.0414564
0.43392 -0.167664 0.316794 0.295075 -0.0217943 -0.0281324
0.434039 -0.167751 0.291236 0.32121 -0.0208864 -0.0284247
0.43415 -0.143657 0.287694 0.324101 0.00371365 -0.0288346
0.434083 -0.138695 0.312331 0.298586 0.00780076 -0.0285929
0.434176 -0.113334 0.31598 0.293477 0.0334121 -0.0289159
0.434093 -0.108505 0.290796 0.319159 0.0393318 -0.0294893
0.434147 -0.0829433 0.287523 0.321243 0.0654717 -0.0299645
0.434079 -0.0784884 0.312667 0.29503 0.0690013 -0.0297348
0.434137 -0.0526274 0.316149 0.288802 0.0949823 -0.0300837
0.434103 -0.0483751 0.290658 0.314746 0.100388 -0.0306129
0.541241 -0.141631 0.315917 0.294804 0.0066642 0.0800208
0.541385 -0.14171 0.291346 0.320093 0.00760929 0.0797869
0.541446 -0.117969 0.287009 0.323477 0.0317828 0.0793533
0.541421 -0.112945 0.310285 0.299289 0.0359276 0.079588
0.541453 -0.0879008 0.314782 0.293007 0.0610548 0.0792138
0.541416 -0.082857 0.291122 0.317001 0.0670653 0.0787114
0.541478 -0.0577089 0.286902 0.319668 0.0927006 0.0782926
0.541427 -0.0528283 0.310489 0.295369 0.0968025 0.0785841
0.541442 -0.0276026 0.314885 0.289611 0.1222 0.0782391
0.541414 -0.0227728 0.291139 0.313462 0.128136 0.0777843
